Top: 0.24570
Me: 0.28374

Rank: 111/230
